1  8.50672489327e+15
2  9.71872295564e+14
3  5.51247869247e+13
4  9.09646666985e+12
5  4.76994638793e+12
6  3.27944028184e+12
7  2.56575583601e+12
8  2.15522599003e+12
9  1.88492265103e+12
10  1.68392659487e+12
11  1.52605619471e+12
12  1.40514534877e+12
13  1.31473088804e+12
14  1.24765744094e+12
15  1.19708939331e+12
16  1.15715334078e+12
17  1.12365289527e+12
18  1.09344669443e+12
19  1.06447437542e+12
20  1.03593565812e+12
21  1.00617469131e+12
22  9.72713722685e+11
23  9.3952306178e+11
24  9.10982400432e+11
25  8.88544682598e+11
26  8.71493594545e+11
27  8.58792800919e+11
28  8.49292804314e+11
29  8.42189335081e+11
30  8.36841222507e+11
31  8.32813171111e+11
32  8.29726599669e+11
33  8.2735645154e+11
34  8.25497206371e+11
35  8.23996295458e+11
36  8.22823535897e+11
37  8.21825158316e+11
38  8.2096939551e+11
39  8.20198426246e+11
40  8.1949834323e+11
41  8.18862444401e+11
42  8.18273390271e+11
43  8.17704346444e+11
44  8.17204184539e+11
45  8.16756799463e+11
46  8.16314545141e+11
47  8.15904136777e+11
48  8.15512260193e+11
49  8.15128387194e+11
50  8.14743326176e+11
51  8.14370866075e+11
52  8.14011741382e+11
53  8.13679674444e+11
54  8.13324543341e+11
55  8.12968527325e+11
56  8.12577371057e+11
57  8.12184750406e+11
58  8.11773855939e+11
59  8.11343512472e+11
60  8.10890145441e+11
61  8.10413113885e+11
62  8.09916808772e+11
63  8.09392286728e+11
64  8.08834925574e+11
65  8.08238700824e+11
66  8.07573588314e+11
67  8.06818041897e+11
68  8.05907048357e+11
69  8.04874577717e+11
70  8.03731119288e+11
71  8.02481195784e+11
72  8.01102779341e+11
73  7.99586470492e+11
74  7.97978310144e+11
75  7.963601777e+11
76  7.94751724191e+11
77  7.93212244645e+11
78  7.91834251243e+11
79  7.90590109743e+11
80  7.89505540665e+11
81  7.88534487303e+11
82  7.87646413468e+11
83  7.86827551003e+11
84  7.86116422494e+11
85  7.85426856688e+11
86  7.84710781122e+11
87  7.84017503919e+11
88  7.83382280899e+11
89  7.82826597522e+11
90  7.823152229e+11
91  7.81849133533e+11
92  7.81388733759e+11
93  7.80905785874e+11
94  7.80429161639e+11
95  7.7992232932e+11
96  7.79414633031e+11
97  7.78904109596e+11
98  7.78434090591e+11
99  7.77955882316e+11
100  7.77469008413e+11
101  7.76949402723e+11
102  7.76357050023e+11
103  7.75740361487e+11
104  7.75098836341e+11
105  7.74453533702e+11
106  7.73844232804e+11
107  7.73232042297e+11
108  7.72677001567e+11
109  7.72169841678e+11
110  7.71710178128e+11
111  7.71306607128e+11
112  7.70919391032e+11
113  7.70527459684e+11
114  7.70141494668e+11
115  7.69753311671e+11
116  7.68477598633e+11
117  7.68052314425e+11
118  7.67645941718e+11
119  7.67263846369e+11
120  7.6695789567e+11
121  7.6672865449e+11
122  7.66558193128e+11
123  7.66441319243e+11
124  7.66371885241e+11
125  7.66335406324e+11
126  7.66347605016e+11
127  7.66380576657e+11
128  7.66413693533e+11
129  7.66455158877e+11
130  7.6650026039e+11
131  7.66547075652e+11
132  7.66595096517e+11
133  7.66636516087e+11
134  7.66689382836e+11
135  7.66735538038e+11
136  7.66786348596e+11
137  7.66841488254e+11
138  7.66896426429e+11
139  7.66938533112e+11
140  7.66976951865e+11
141  7.67021314035e+11
142  7.6706746332e+11
143  7.6710221952e+11
144  7.67128870124e+11
145  7.67160526743e+11
146  7.67460990113e+11
147  7.67487023244e+11
148  7.67503783076e+11
149  7.67267502042e+11
150  7.67283900892e+11
151  7.67286046566e+11
152  7.67292803895e+11
153  7.67294130147e+11
154  7.67292167913e+11
155  7.67277826062e+11
156  7.67265186836e+11
157  7.68820196303e+11
158  7.68777657265e+11
159  7.6870046872e+11
160  7.68603091548e+11
161  7.68566588948e+11
162  7.6819660106e+11
163  7.68033546185e+11
164  7.67880305705e+11
165  7.67739300537e+11
166  7.67618575111e+11
167  7.67538940253e+11
168  7.67458140655e+11
169  7.67418781727e+11
170  7.68058758546e+11
171  7.67833777733e+11
172  7.67839340876e+11
173  7.67865160575e+11
174  7.67493720231e+11
175  7.67022842668e+11
176  7.67061487686e+11
177  7.67100231037e+11
178  7.6713936189e+11
179  7.67177217318e+11
180  7.67211212255e+11
181  7.67138464705e+11
182  7.67182468085e+11
183  7.67223974131e+11
184  7.67252841876e+11
185  7.67280612955e+11
186  7.67293301248e+11
187  7.67826541185e+11
188  7.67854258378e+11
189  7.67874045188e+11
190  7.67893324067e+11
191  7.68363823174e+11
192  7.68373444822e+11
193  7.67648687489e+11
194  7.68251172174e+11
195  7.68275595557e+11
196  7.68299850227e+11
197  7.68333412106e+11
198  7.67829001127e+11
199  7.67855754418e+11
200  7.67880721271e+11
201  7.67917479291e+11
202  7.67940238127e+11
203  7.6796664635e+11
204  7.67997107012e+11
205  7.67011421955e+11
206  7.67041851649e+11
207  7.67072534428e+11
208  7.67094165804e+11
209  7.66492124213e+11
210  7.66513341399e+11
211  7.66537475814e+11
212  7.66567734567e+11
213  7.66602082075e+11
214  7.66632719561e+11
215  7.66665366108e+11
216  7.66695424813e+11
217  7.6673523358e+11
218  7.66770979719e+11
219  7.66805647606e+11
220  7.66828083487e+11
221  7.66842021635e+11
222  7.65748708503e+11
223  7.6414234727e+11
224  7.60967507383e+11
225  7.60997323598e+11
226  7.61022618887e+11
227  7.61055877183e+11
228  7.61110551016e+11
229  7.61146297954e+11
230  7.61188143488e+11
231  7.61223118048e+11
232  7.61259213498e+11
233  7.61293932739e+11
234  7.61324346205e+11
235  7.6134504434e+11
236  7.61365457234e+11
237  7.63814959826e+11
238  7.62445987443e+11
239  7.62465667772e+11
240  7.62475109696e+11
241  7.62488875208e+11
242  7.62507677892e+11
243  7.62505369214e+11
244  7.62517351678e+11
245  7.62538282547e+11
246  7.62560215038e+11
247  7.62579869532e+11
248  7.62610273727e+11
249  7.62628156853e+11
250  7.62651101013e+11
251  7.62668866976e+11
252  7.55428403707e+11
253  7.55430487447e+11
254  7.55441529629e+11
255  7.55434317862e+11
256  7.69456194332e+11
257  7.69463525236e+11
258  7.6948627186e+11
259  7.69487665821e+11
260  7.69491690949e+11
261  7.69495355642e+11
262  7.69499581735e+11
263  7.69490692308e+11
264  7.78631053681e+11
265  7.78602448049e+11
266  7.78582686777e+11
267  7.78579924493e+11
268  7.78571348482e+11
269  7.7855546299e+11
270  7.78546489995e+11
271  7.78551614889e+11
272  7.78547575539e+11
273  7.78543348462e+11
274  7.7853734288e+11
275  7.78529514356e+11
276  7.78525643555e+11
277  7.78524185052e+11
278  7.78522330147e+11
279  7.78522330147e+11
Excuting Time:155060.310345ms
38.65%
